FixationIndex	Timestamp	FixationDuration	FixationPointX	FixationPointY	StimuliName
0	0	78	601	481	ScreenRec
1	78	239	418	478	ScreenRec
2	318	817	536	450	ScreenRec
3	1135	140	538	346	www.bbc.co.uk
4	1274	498	669	189	www.bbc.co.uk
5	1773	160	487	164	www.bbc.co.uk
6	2092	100	473	182	www.bbc.co.uk
7	2192	219	264	142	www.bbc.co.uk
8	2411	179	643	200	www.bbc.co.uk
9	2590	159	686	205	www.bbc.co.uk
10	2750	559	502	768	www.bbc.co.uk
11	3308	179	406	607	www.bbc.co.uk
12	3487	219	374	285	www.bbc.co.uk
13	3707	439	486	183	www.bbc.co.uk
14	4145	199	265	132	www.bbc.co.uk
15	4345	159	717	288	www.bbc.co.uk
16	4504	279	868	520	www.bbc.co.uk
17	4783	299	669	595	www.bbc.co.uk
18	5082	179	625	582	www.bbc.co.uk
19	5262	199	371	579	www.bbc.co.uk
20	5461	478	481	177	www.bbc.co.uk
21	5940	179	198	278	www.bbc.co.uk
22	6119	259	207	160	www.bbc.co.uk
23	6378	239	786	192	www.bbc.co.uk
24	6618	319	892	219	www.bbc.co.uk
25	6936	259	938	251	www.bbc.co.uk
26	7196	239	843	611	www.bbc.co.uk
27	7435	339	840	512	www.bbc.co.uk
28	7774	241	535	706	www.bbc.co.uk
29	8015	217	488	246	www.bbc.co.uk
30	8233	259	537	189	www.bbc.co.uk
31	8492	399	597	160	www.bbc.co.uk
32	8890	239	374	600	www.bbc.co.uk
33	9130	179	300	598	www.bbc.co.uk
34	9309	439	513	795	www.bbc.co.uk
35	9748	419	845	885	www.bbc.co.uk
36	10166	259	815	849	www.bbc.co.uk
37	10426	478	842	577	www.bbc.co.uk
38	10904	339	893	251	www.bbc.co.uk
39	11243	120	881	176	www.bbc.co.uk
40	11363	359	827	318	www.bbc.co.uk
41	11721	319	935	311	www.bbc.co.uk
42	12040	279	976	323	www.bbc.co.uk
43	12320	179	793	691	www.bbc.co.uk
44	12499	199	824	805	www.bbc.co.uk
45	12698	120	799	778	www.bbc.co.uk
46	12818	299	814	617	www.bbc.co.uk
47	13117	180	839	559	www.bbc.co.uk
48	13297	279	625	547	www.bbc.co.uk
49	13576	339	435	755	www.bbc.co.uk
50	13915	478	182	705	www.bbc.co.uk
51	14393	259	480	680	www.bbc.co.uk
52	14652	259	855	883	www.bbc.co.uk
53	14912	179	914	839	www.bbc.co.uk
54	15091	160	820	830	www.bbc.co.uk
55	15251	219	504	802	www.bbc.co.uk
56	15470	199	225	695	www.bbc.co.uk
57	15669	259	214	512	www.bbc.co.uk
58	15928	140	251	509	www.bbc.co.uk
59	16068	399	535	451	www.bbc.co.uk
60	16466	199	330	449	www.bbc.co.uk
61	16666	419	293	479	www.bbc.co.uk
62	17084	120	217	601	www.bbc.co.uk
63	17204	638	174	583	www.bbc.co.uk
64	17842	339	293	576	www.bbc.co.uk
65	18181	259	252	570	www.bbc.co.uk
66	18440	199	311	490	www.bbc.co.uk
67	18640	319	276	887	www.bbc.co.uk
68	18959	279	228	992	www.bbc.co.uk
69	19238	259	279	547	www.bbc.co.uk
70	19497	857	323	490	www.bbc.co.uk
71	20354	638	290	574	www.bbc.co.uk
72	21511	718	323	491	www.bbc.co.uk
73	22228	399	557	297	www.bbc.co.uk
74	22627	279	829	567	www.bbc.co.uk
75	22906	160	586	445	www.bbc.co.uk
76	23066	179	541	284	www.bbc.co.uk
77	23245	239	300	504	www.bbc.co.uk
78	23484	439	215	590	www.bbc.co.uk
79	23923	299	301	491	www.bbc.co.uk
80	24222	279	339	479	www.bbc.co.uk
81	24501	199	754	306	www.bbc.co.uk
82	24701	299	487	228	www.bbc.co.uk
83	25000	299	873	216	www.bbc.co.uk
84	25299	279	903	588	www.bbc.co.uk
85	25578	319	845	590	www.bbc.co.uk
86	25897	120	663	766	www.bbc.co.uk
87	26017	319	555	790	www.bbc.co.uk
88	26335	160	372	850	www.bbc.co.uk
89	26495	219	301	550	www.bbc.co.uk
90	26714	399	311	499	www.bbc.co.uk
91	27113	279	838	226	www.bbc.co.uk
92	27392	379	558	231	www.bbc.co.uk
93	27771	240	332	451	www.bbc.co.uk
94	28010	199	314	488	www.bbc.co.uk
95	28210	319	263	509	www.bbc.co.uk
96	28529	419	298	504	www.bbc.co.uk
97	29705	917	191	602	www.bbc.co.uk
98	30622	239	77	920	ScreenRec
99	30861	379	621	654	www.godaddy.com
100	31240	140	451	489	www.godaddy.com
101	31380	359	447	426	www.godaddy.com
102	31738	180	271	494	www.godaddy.com
103	31918	379	441	404	www.godaddy.com
104	32296	200	743	481	www.godaddy.com
105	32496	398	458	394	www.godaddy.com
106	32895	199	520	224	www.godaddy.com
107	33094	219	489	172	www.godaddy.com
108	33313	219	418	89	www.godaddy.com
109	33533	140	232	55	www.godaddy.com
110	33672	160	425	390	www.godaddy.com
111	33832	299	261	488	www.godaddy.com
112	34131	259	734	440	www.godaddy.com
113	34390	179	672	245	www.godaddy.com
114	34569	179	525	215	www.godaddy.com
115	34749	259	454	271	www.godaddy.com
116	35008	160	285	112	www.godaddy.com
117	35168	179	320	98	www.godaddy.com
118	35347	179	527	90	www.godaddy.com
119	35526	319	984	83	www.godaddy.com
120	35846	399	1001	39	www.godaddy.com
121	36244	219	1085	31	www.godaddy.com
122	36463	239	1017	40	www.godaddy.com
123	36862	180	948	899	www.godaddy.com
124	37042	339	947	962	www.godaddy.com
125	37381	179	994	130	www.godaddy.com
126	37560	7855	1003	40	www.godaddy.com
127	45415	239	986	108	www.godaddy.com
128	45655	219	920	921	www.godaddy.com
129	45874	458	970	979	www.godaddy.com
130	46332	239	515	897	www.godaddy.com
131	46572	219	333	957	www.godaddy.com
132	46791	339	380	340	www.godaddy.com
133	47130	199	501	253	www.godaddy.com
134	47329	200	552	233	www.godaddy.com
135	47529	259	733	233	www.godaddy.com
136	47788	239	817	569	www.godaddy.com
137	48027	199	746	492	www.godaddy.com
138	48226	159	615	384	www.godaddy.com
139	48386	199	561	223	www.godaddy.com
140	48585	140	502	190	www.godaddy.com
141	48725	199	324	129	www.godaddy.com
142	48924	219	378	223	www.godaddy.com
143	49143	239	602	233	www.godaddy.com
144	49383	459	715	246	www.godaddy.com
145	49841	239	524	229	www.godaddy.com
146	50080	339	388	242	www.godaddy.com
147	50420	339	475	231	www.godaddy.com
148	50758	179	626	226	www.godaddy.com
149	50938	259	723	234	www.godaddy.com
150	51197	259	856	237	www.godaddy.com
151	51456	180	595	193	www.godaddy.com
152	51636	279	506	177	www.godaddy.com
153	51915	379	443	219	www.godaddy.com
154	52293	559	396	240	www.godaddy.com
155	52852	159	285	448	www.godaddy.com
156	53011	279	436	423	www.godaddy.com
157	53290	1416	375	236	www.godaddy.com
158	54706	718	621	237	www.godaddy.com
159	55424	219	467	565	ScreenRec
160	55643	139	738	815	ScreenRec
161	55782	957	793	787	uk.yahoo.com
162	56740	159	619	457	uk.yahoo.com
163	56899	140	544	260	uk.yahoo.com
164	57039	578	564	206	uk.yahoo.com
165	57617	259	851	554	uk.yahoo.com
166	57876	598	564	196	uk.yahoo.com
167	58474	160	410	187	uk.yahoo.com
168	58634	219	288	175	uk.yahoo.com
169	58853	199	228	180	uk.yahoo.com
170	59052	140	529	170	uk.yahoo.com
171	59192	319	479	26	uk.yahoo.com
172	59511	538	233	10	uk.yahoo.com
173	60049	319	441	-6	ScreenRec
174	60368	339	865	58	uk.yahoo.com
175	60707	179	489	84	uk.yahoo.com
176	60886	219	319	52	uk.yahoo.com
177	61106	219	510	293	uk.yahoo.com
178	61325	279	437	298	uk.yahoo.com
179	61604	299	534	219	uk.yahoo.com
180	61903	199	338	221	uk.yahoo.com
181	62102	299	256	261	uk.yahoo.com
182	62402	319	429	279	uk.yahoo.com
183	62721	299	460	384	uk.yahoo.com
184	63020	199	482	492	uk.yahoo.com
185	63219	339	476	328	uk.yahoo.com
186	63678	339	427	284	uk.yahoo.com
187	64017	399	506	304	uk.yahoo.com
188	64415	319	419	308	uk.yahoo.com
189	64734	419	440	528	uk.yahoo.com
190	65153	239	478	494	uk.yahoo.com
191	65392	439	418	534	uk.yahoo.com
192	65831	359	456	289	uk.yahoo.com
193	66190	359	400	301	uk.yahoo.com
194	66549	458	610	309	uk.yahoo.com
195	67007	478	471	303	uk.yahoo.com
196	67486	239	427	286	uk.yahoo.com
197	67725	319	382	278	uk.yahoo.com
198	68044	239	425	409	uk.yahoo.com
199	68283	877	490	422	uk.yahoo.com
200	69160	658	414	521	uk.yahoo.com
201	69818	419	441	492	uk.yahoo.com
202	70237	279	451	297	uk.yahoo.com
203	70516	339	447	667	uk.yahoo.com
204	70855	219	458	481	uk.yahoo.com
205	71074	140	464	238	uk.yahoo.com
206	71214	199	425	280	uk.yahoo.com
207	71413	140	390	282	uk.yahoo.com
208	71553	219	273	253	uk.yahoo.com
209	71772	698	194	247	uk.yahoo.com
210	72470	200	254	267	uk.yahoo.com
211	72669	219	852	815	uk.yahoo.com
212	72889	199	821	892	uk.yahoo.com
213	73088	937	217	259	uk.yahoo.com
214	74025	199	262	254	uk.yahoo.com
215	74224	359	192	273	uk.yahoo.com
216	74584	319	244	267	uk.yahoo.com
217	74902	498	280	272	uk.yahoo.com
218	75401	379	814	702	uk.yahoo.com
219	75780	997	815	871	uk.yahoo.com
220	76777	299	846	399	uk.yahoo.com
221	77076	339	852	241	uk.yahoo.com
222	77414	439	839	391	uk.yahoo.com
223	77853	159	892	367	uk.yahoo.com
224	78012	439	821	591	uk.yahoo.com
225	78451	1416	802	874	uk.yahoo.com
226	79867	439	868	879	uk.yahoo.com
227	80305	1934	948	875	uk.yahoo.com
228	82239	160	670	876	uk.yahoo.com
229	82399	359	425	880	uk.yahoo.com
230	82757	459	893	771	uk.yahoo.com
231	83216	439	968	880	uk.yahoo.com
232	83655	399	581	540	uk.yahoo.com
233	84053	140	745	551	uk.yahoo.com
234	84193	180	803	569	uk.yahoo.com
235	84373	219	568	478	uk.yahoo.com
236	84592	159	556	374	uk.yahoo.com
237	84751	199	528	320	uk.yahoo.com
238	84951	379	625	297	uk.yahoo.com
239	85329	220	847	176	uk.yahoo.com
240	85549	1336	810	137	uk.yahoo.com
241	86885	299	851	136	uk.yahoo.com
242	87184	299	1003	63	uk.yahoo.com
243	87483	479	565	169	uk.yahoo.com
244	87961	319	817	387	uk.yahoo.com
245	88280	319	837	332	uk.yahoo.com
246	88599	120	828	268	uk.yahoo.com
247	88719	359	824	206	uk.yahoo.com
248	89078	339	565	376	uk.yahoo.com
249	89416	219	649	340	uk.yahoo.com
250	89636	160	657	256	uk.yahoo.com
251	89795	498	549	166	uk.yahoo.com
252	90294	179	500	269	uk.yahoo.com
253	90473	419	427	276	uk.yahoo.com
254	90892	219	552	387	uk.yahoo.com
255	91111	199	669	420	uk.yahoo.com
256	91310	179	488	546	uk.yahoo.com
257	91490	399	480	581	uk.yahoo.com
258	91889	199	746	663	uk.yahoo.com
259	92088	279	815	735	uk.yahoo.com
260	92367	459	820	627	uk.yahoo.com
261	92826	299	949	610	uk.yahoo.com
262	93125	239	998	614	uk.yahoo.com
263	93364	199	903	404	uk.yahoo.com
264	93563	419	1005	603	uk.yahoo.com
265	93982	598	827	602	uk.yahoo.com
266	94760	419	824	595	uk.yahoo.com
267	95179	259	976	605	uk.yahoo.com
268	95437	399	1012	604	uk.yahoo.com
269	95836	259	916	450	uk.yahoo.com
270	96095	180	868	396	uk.yahoo.com
271	96275	379	882	349	uk.yahoo.com
272	96654	319	914	249	uk.yahoo.com
273	96973	498	1005	614	uk.yahoo.com
274	97471	219	818	618	uk.yahoo.com
275	97690	219	797	698	uk.yahoo.com
276	98029	539	857	901	uk.yahoo.com
277	98568	339	798	874	uk.yahoo.com
278	98907	459	428	884	uk.yahoo.com
279	99365	199	254	878	uk.yahoo.com
280	99564	219	424	869	uk.yahoo.com
281	99784	279	474	830	uk.yahoo.com
282	100063	399	801	878	uk.yahoo.com
283	100462	598	837	841	uk.yahoo.com
284	101060	419	885	799	uk.yahoo.com
285	101478	678	911	862	uk.yahoo.com
286	102156	718	868	868	uk.yahoo.com
287	103034	1276	813	878	uk.yahoo.com
288	104309	419	871	877	uk.yahoo.com
289	104728	997	938	874	uk.yahoo.com
290	105725	259	553	451	uk.yahoo.com
291	105984	418	974	887	uk.yahoo.com
292	106403	179	820	484	uk.yahoo.com
293	106582	239	571	256	uk.yahoo.com
294	106822	239	545	181	uk.yahoo.com
295	107061	319	552	428	uk.yahoo.com
296	107380	558	540	157	uk.yahoo.com
297	107938	179	347	177	uk.yahoo.com
298	108237	140	430	159	uk.yahoo.com
299	108377	279	537	169	uk.yahoo.com
300	108656	339	332	189	uk.yahoo.com
301	108995	279	241	259	uk.yahoo.com
302	109274	239	319	571	uk.yahoo.com
303	109513	259	461	488	uk.yahoo.com
304	109772	837	538	413	uk.yahoo.com
305	110610	219	429	476	uk.yahoo.com
306	110829	618	392	505	uk.yahoo.com
307	111447	239	358	495	uk.yahoo.com
308	111686	1236	370	528	uk.yahoo.com
309	112922	219	448	523	uk.yahoo.com
310	113142	299	544	527	uk.yahoo.com
311	113441	1894	383	528	uk.yahoo.com
312	115335	359	443	520	uk.yahoo.com
313	115694	638	484	522	uk.yahoo.com
314	116332	1535	554	524	uk.yahoo.com
315	117867	2094	594	533	uk.yahoo.com
316	119960	239	429	549	uk.yahoo.com
317	120199	339	263	323	uk.yahoo.com
318	120538	199	291	189	uk.yahoo.com
319	120738	219	325	172	uk.yahoo.com
320	120957	239	532	228	uk.yahoo.com
321	121196	319	556	503	uk.yahoo.com
322	121515	179	735	263	uk.yahoo.com
323	121695	579	551	161	uk.yahoo.com
324	122273	259	545	348	No media
325	122532	219	127	360	ScreenRec
326	122752	299	584	574	ScreenRec
327	123050	299	779	710	ScreenRec
328	123350	199	596	445	www.avg.com
329	123549	259	481	267	www.avg.com
330	123808	179	343	221	www.avg.com
331	123987	459	625	121	www.avg.com
332	124446	259	641	404	www.avg.com
333	124705	200	510	258	www.avg.com
334	124905	259	377	158	www.avg.com
335	125164	219	305	153	www.avg.com
336	125383	199	661	109	www.avg.com
337	125582	359	608	109	www.avg.com
338	126101	99	565	155	www.avg.com
339	126200	439	654	121	www.avg.com
340	126639	159	610	117	www.avg.com
341	126799	199	431	314	www.avg.com
342	126998	239	309	255	www.avg.com
343	127237	279	425	220	www.avg.com
344	127516	239	368	653	www.avg.com
345	127756	179	279	409	www.avg.com
346	127935	179	278	215	www.avg.com
347	128114	180	263	54	www.avg.com
348	128294	159	300	30	www.avg.com
349	128453	339	265	34	www.avg.com
350	128792	299	419	166	www.avg.com
351	129092	379	665	125	www.avg.com
352	129470	219	722	56	www.avg.com
353	129690	299	968	52	www.avg.com
354	129988	399	948	288	www.avg.com
355	130387	259	528	181	www.avg.com
356	130646	180	603	136	www.avg.com
357	130826	279	412	461	www.avg.com
358	131105	359	538	427	www.avg.com
359	131464	140	271	391	www.avg.com
360	131604	279	227	379	www.avg.com
361	131883	200	345	371	www.avg.com
362	132082	199	535	230	www.avg.com
363	132281	399	588	203	www.avg.com
364	132680	359	926	284	www.avg.com
365	133039	239	976	299	www.avg.com
366	133278	199	875	270	www.avg.com
367	133478	220	645	126	www.avg.com
368	133697	179	607	122	www.avg.com
369	133876	199	689	117	www.avg.com
370	134076	299	472	253	www.avg.com
371	134375	219	328	574	www.avg.com
372	134594	359	238	628	www.avg.com
373	134953	259	446	644	www.avg.com
374	135212	159	875	720	www.avg.com
375	135372	239	975	797	www.avg.com
376	135611	299	948	671	www.avg.com
377	135910	299	647	441	www.avg.com
378	136209	299	532	434	www.avg.com
379	136508	578	633	430	www.avg.com
380	137087	199	876	453	www.avg.com
381	137286	279	941	450	www.avg.com
382	137565	239	506	266	www.avg.com
383	137804	159	289	398	www.avg.com
384	137963	159	234	418	www.avg.com
385	138123	439	330	379	www.avg.com
386	138561	199	546	225	www.avg.com
387	138761	219	603	222	www.avg.com
388	138980	259	434	210	www.avg.com
389	139239	379	319	236	www.avg.com
390	139618	259	239	455	www.avg.com
391	139877	279	326	446	www.avg.com
392	140156	439	329	387	www.avg.com
393	140595	140	239	387	www.avg.com
394	140735	419	240	448	www.avg.com
395	141153	239	522	453	www.avg.com
396	141393	159	791	461	www.avg.com
397	141552	140	860	462	www.avg.com
398	141692	239	940	453	www.avg.com
399	141931	179	942	301	www.avg.com
400	142110	219	521	184	www.avg.com
401	142330	618	294	157	www.avg.com
402	142948	419	272	46	www.avg.com
403	143366	219	466	124	www.avg.com
404	143586	339	624	117	www.avg.com
405	143925	239	610	232	www.avg.com
406	144164	538	940	285	www.avg.com
407	144702	179	983	297	www.avg.com
408	144882	279	661	226	www.avg.com
409	145161	419	936	285	www.avg.com
410	145579	179	673	247	www.avg.com
411	145759	199	461	228	www.avg.com
412	145958	1416	947	296	www.avg.com
413	147374	199	990	307	www.avg.com
414	147573	259	944	304	www.avg.com
415	147832	239	990	300	www.avg.com
416	148072	160	892	695	www.avg.com
417	148231	399	962	770	www.avg.com
418	148630	439	780	764	www.avg.com
419	149068	199	778	530	www.avg.com
420	149268	359	909	500	www.avg.com
421	149786	379	903	480	www.avg.com
422	150165	180	955	356	www.avg.com
423	150344	179	976	311	www.avg.com
424	150524	239	941	294	www.avg.com
425	150763	399	668	285	www.avg.com
426	151162	319	938	290	www.avg.com
427	151481	319	902	677	www.avg.com
428	151800	140	591	475	www.avg.com
429	151939	140	449	223	www.avg.com
430	152079	339	255	140	www.avg.com
431	152418	598	262	29	www.avg.com
432	153016	279	57	230	ScreenRec
433	153295	200	534	821	ScreenRec
434	153495	359	743	775	www.apple.com
435	153853	179	444	491	www.apple.com
436	154033	140	372	372	www.apple.com
437	154172	279	342	270	www.apple.com
438	154451	299	778	254	www.apple.com
439	154751	279	332	228	www.apple.com
440	155030	199	446	240	www.apple.com
441	155229	219	770	268	www.apple.com
442	155448	179	708	721	www.apple.com
443	155628	239	525	774	www.apple.com
444	155867	179	390	472	www.apple.com
445	156046	339	316	453	www.apple.com
446	156385	219	298	262	www.apple.com
447	156605	319	778	235	www.apple.com
448	156924	219	421	223	www.apple.com
449	157143	120	348	243	www.apple.com
450	157263	399	813	267	www.apple.com
451	157661	159	845	337	www.apple.com
452	157821	199	405	436	www.apple.com
453	158020	439	328	457	www.apple.com
454	158459	479	809	325	www.apple.com
455	158937	219	515	663	www.apple.com
456	159157	339	538	776	www.apple.com
457	159495	240	761	804	www.apple.com
458	159735	179	744	767	www.apple.com
459	159914	239	423	482	www.apple.com
460	160154	180	334	483	www.apple.com
461	160333	199	341	283	www.apple.com
462	160532	279	761	271	www.apple.com
463	160811	498	815	265	www.apple.com
464	161310	299	831	578	www.apple.com
465	161609	239	797	546	www.apple.com
466	161848	359	836	361	www.apple.com
467	162207	738	847	299	www.apple.com
468	162945	299	433	375	www.apple.com
469	163244	159	414	327	www.apple.com
470	163403	299	800	298	www.apple.com
471	163702	499	840	532	www.apple.com
472	164201	279	849	465	www.apple.com
473	164480	159	804	443	www.apple.com
474	164639	199	460	298	www.apple.com
475	164839	199	869	798	www.apple.com
476	165038	259	768	833	www.apple.com
477	165297	259	559	814	www.apple.com
478	165556	179	523	812	www.apple.com
479	165736	219	512	764	www.apple.com
480	165955	159	671	791	www.apple.com
481	166115	159	723	806	www.apple.com
482	166274	140	956	836	www.apple.com
483	166414	219	410	429	www.apple.com
484	166633	179	330	452	www.apple.com
485	166812	299	310	258	www.apple.com
486	167112	179	411	247	www.apple.com
487	167291	179	336	303	www.apple.com
488	167470	299	283	253	www.apple.com
489	167769	239	407	243	www.apple.com
490	168009	339	289	248	www.apple.com
491	168507	399	287	266	www.apple.com
492	168906	199	371	248	www.apple.com
493	169105	439	263	248	www.apple.com
494	169544	239	435	231	www.apple.com
495	169783	160	468	248	www.apple.com
496	169943	199	352	309	www.apple.com
497	170142	239	286	316	www.apple.com
498	170381	219	351	485	www.apple.com
499	170600	140	418	474	www.apple.com
500	170740	339	729	823	www.apple.com
501	171079	439	548	801	www.apple.com
502	171518	279	710	734	www.apple.com
503	171797	279	814	493	www.apple.com
504	172076	219	411	834	www.apple.com
505	172295	299	278	845	www.apple.com
506	172594	399	257	742	www.apple.com
507	172993	200	522	758	www.apple.com
508	173193	179	708	749	www.apple.com
509	173372	199	740	731	www.apple.com
510	173571	219	425	445	www.apple.com
511	173790	259	385	305	www.apple.com
512	174269	199	716	772	www.apple.com
513	174468	179	839	815	www.apple.com
514	174648	339	980	772	www.apple.com
515	174987	279	1007	842	www.apple.com
516	175266	299	766	820	www.apple.com
517	175565	299	536	792	www.apple.com
518	175864	498	720	726	www.apple.com
519	176362	239	528	734	www.apple.com
520	176601	299	286	736	www.apple.com
521	176901	299	682	813	www.apple.com
522	177200	339	839	402	www.apple.com
523	177539	458	838	317	www.apple.com
524	177997	319	768	722	www.apple.com
525	178316	359	570	824	www.apple.com
526	178874	479	274	863	www.apple.com
527	179353	259	508	817	www.apple.com
528	179612	379	453	953	www.apple.com
529	179991	239	739	815	www.apple.com
530	180230	319	1006	850	www.apple.com
531	180549	319	985	760	www.apple.com
532	180868	239	809	386	www.apple.com
533	181107	219	675	215	www.apple.com
534	181327	220	411	241	www.apple.com
535	181546	199	380	50	www.apple.com
536	181746	379	421	24	www.apple.com
537	182124	339	220	24	www.apple.com
538	182463	957	704	486	www.apple.com
539	183420	239	740	789	ScreenRec
540	183659	638	794	766	www.babylon.com
541	184297	179	708	519	www.babylon.com
542	184477	179	616	368	www.babylon.com
543	184656	199	445	92	www.babylon.com
544	184856	219	308	95	www.babylon.com
545	185075	419	216	26	www.babylon.com
546	185493	399	620	321	www.babylon.com
547	185892	239	628	205	www.babylon.com
548	186132	180	407	157	www.babylon.com
549	186311	259	672	329	www.babylon.com
550	186570	578	776	390	www.babylon.com
551	187148	239	690	375	www.babylon.com
552	187387	359	650	366	www.babylon.com
553	187746	239	589	148	www.babylon.com
554	187986	259	363	113	www.babylon.com
555	188245	239	378	52	www.babylon.com
556	188484	359	655	249	www.babylon.com
557	188843	199	709	333	www.babylon.com
558	189042	219	781	177	www.babylon.com
559	189262	219	1124	388	www.babylon.com
560	189481	219	814	601	www.babylon.com
561	189700	159	718	587	www.babylon.com
562	189860	219	723	361	www.babylon.com
563	190079	199	515	188	www.babylon.com
564	190278	160	573	321	www.babylon.com
565	190438	977	638	370	www.babylon.com
566	191554	399	643	374	www.babylon.com
567	191953	399	574	368	www.babylon.com
568	192352	478	651	388	www.babylon.com
569	192830	239	601	314	www.babylon.com
570	193070	140	575	344	www.babylon.com
571	193209	200	386	191	www.babylon.com
572	193409	279	309	126	www.babylon.com
573	193688	159	614	324	www.babylon.com
574	193847	199	637	352	www.babylon.com
575	194047	578	686	375	www.babylon.com
576	194625	279	564	374	www.babylon.com
577	194904	219	651	380	www.babylon.com
578	195123	618	645	261	www.babylon.com
579	195741	239	653	378	www.babylon.com
580	195980	322	571	585	www.babylon.com
581	196302	157	717	589	www.babylon.com
582	196459	159	724	390	www.babylon.com
583	196758	100	720	800	www.babylon.com
584	196858	120	747	376	www.babylon.com
585	196977	239	598	363	www.babylon.com
586	197216	259	391	573	www.babylon.com
587	197476	319	534	577	www.babylon.com
588	197795	179	704	571	www.babylon.com
589	197974	239	731	356	www.babylon.com
590	198213	479	923	295	www.babylon.com
591	198692	239	702	556	www.babylon.com
592	198931	219	729	604	www.babylon.com
593	199150	239	534	605	www.babylon.com
594	199390	159	381	647	www.babylon.com
595	199549	219	321	684	www.babylon.com
596	199768	219	343	618	www.babylon.com
597	199988	219	528	594	www.babylon.com
598	200207	179	694	611	www.babylon.com
599	200387	160	727	628	www.babylon.com
600	200546	279	932	618	www.babylon.com
601	200825	279	909	689	www.babylon.com
602	201104	200	636	458	www.babylon.com
603	201304	139	504	588	www.babylon.com
604	201443	159	348	578	www.babylon.com
605	201603	538	249	473	www.babylon.com
606	202141	419	317	654	www.babylon.com
607	202560	219	353	637	www.babylon.com
608	202779	379	530	600	www.babylon.com
609	203158	279	365	610	www.babylon.com
610	203437	359	340	684	www.babylon.com
611	203796	279	393	591	www.babylon.com
612	204075	658	542	584	www.babylon.com
613	204733	160	345	604	www.babylon.com
614	204892	498	299	686	www.babylon.com
615	205391	498	356	674	www.babylon.com
616	205889	279	293	661	www.babylon.com
617	206168	259	319	597	www.babylon.com
618	206428	399	288	498	www.babylon.com
619	206826	339	252	476	www.babylon.com
620	207165	239	352	675	www.babylon.com
621	207404	917	304	672	www.babylon.com
622	208322	239	376	676	www.babylon.com
623	208561	538	493	670	www.babylon.com
624	209099	438	550	666	www.babylon.com
625	209538	159	538	627	www.babylon.com
626	209697	1715	696	668	www.babylon.com
627	211412	578	735	661	www.babylon.com
628	211990	459	889	700	www.babylon.com
629	212449	259	968	708	www.babylon.com
630	212708	578	891	693	www.babylon.com
631	213286	239	967	697	www.babylon.com
632	213525	359	915	698	www.babylon.com
633	213884	439	974	698	www.babylon.com
634	214323	359	944	662	www.babylon.com
635	214682	319	891	816	www.babylon.com
636	215000	179	719	743	www.babylon.com
637	215180	199	705	610	www.babylon.com
638	215379	379	329	509	www.babylon.com
639	215758	219	650	674	www.babylon.com
640	215977	259	580	911	www.babylon.com
641	216237	199	456	720	www.babylon.com
642	216436	239	731	446	www.babylon.com
643	216675	1017	753	414	www.babylon.com